Nome Nota 1 Nota 2 Nota 3 Nota 4
A 10,9 60,9 53,6 12
B 71,3 9,9 13,9 47
C 65,9 0,3 28,9 55
D 3,6 70 37,9 75,3
E 70,9 81,9 43,9 8,6
F 76,9 53 29,9 38,6
G 73,6 2,3 23 37,3
H 2 88 10,3 28,3
I 25,3 11,9 12,3 26,3
J 7 19,3 82,9 46,3
K 52 41 70,3 31,6
L 27,3 74 47,6 18,9
M 87,9 75,9 17,9 80,6
N 76 47,9 2 19,6
O 55 60,6 51,9 24
P 76,6 47,9 90,3 55,6
Q 10,3 55,9 18 86,3
R 17 0,9 43,3 14,6
S 38,6 22,6 23,6 6,6
T 69 31,9 75,3 90,6
U 26,9 3,6 65,3 48,6
X 56,6 32 74,6 28
Y 22,3 42,3 88,9 65
Z 36,6 44,3 17,9 23,9