Amaranthaceae	Anacardiaceae	Apiaceae	Araucaria.Angustifolia	Arecaceae	Asteraceae	Cecropia	Celtis	Clethra	Drimys.Brasiliensis	Euphorbiaceae	Fabaceae	Hedyosmum.	Ilex	Lamanonia.speciosa.type	Malpighiaceae	Melastomataceae.Combretaceae	Moraceae.Urticaceae	Myrsine	Myrtaceae	Piper	Poaceae	Podocarpus	Rubiaceae	Sapindaceae	Solanaceae	Symplocos	Trema.type	Weinmannia
0	0	2.996254682	0.374531835	0	12.35955056	0.374531835	1.498127341	0	0	0.374531835	6.741573034	0	2.996254682	0.374531835	0	3.370786517	1.498127341	2.996254682	15.35580524	0	29.96254682	0	0.374531835	0	0.374531835	0.74906367	0	16.47940075
0	0	0.354609929	0	0	7.80141844	0	0.354609929	0.354609929	0	0.709219858	12.41134752	0	4.255319149	1.773049645	0	1.063829787	1.418439716	2.836879433	19.85815603	0	13.4751773	0	0.709219858	1.063829787	0	1.063829787	0.709219858	26.95035461
0	0	0	0	0	12.84046693	0	0.778210117	0.778210117	0	0.389105058	12.45136187	0	5.058365759	1.556420233	0	1.167315175	0	1.556420233	22.95719844	0	12.45136187	0	0.389105058	0	0	1.556420233	1.167315175	24.12451362
0	0.836820084	0	0.836820084	0.836820084	10.87866109	0.418410042	0.836820084	0	0	0.418410042	11.71548117	0	4.60251046	0.836820084	0	2.092050209	1.255230126	1.255230126	28.45188285	0	10.46025105	0	0	0.836820084	0	0.836820084	0	21.33891213
0	0	0	0	0	11.16071429	0	0	0	0.446428571	0.892857143	12.05357143	0	1.339285714	0.892857143	0	1.785714286	0.892857143	5.357142857	20.08928571	0	12.5	0	0	2.232142857	0	1.785714286	3.571428571	20.53571429
0	0	0	0.778210117	0.389105058	14.0077821	0	1.167315175	0.389105058	0	2.33463035	14.78599222	0	2.33463035	1.945525292	0	1.945525292	1.167315175	5.058365759	24.90272374	0	13.61867704	0.389105058	0.389105058	0.389105058	0	1.167315175	0	10.11673152
0	0	0	0.709219858	0	15.95744681	0.354609929	0.354609929	0.354609929	0.709219858	0	16.31205674	0	2.482269504	1.418439716	0	2.482269504	1.063829787	1.418439716	21.27659574	0	8.865248227	0	1.063829787	0	0	1.773049645	1.773049645	18.43971631
0	0	0	1.498127341	0	23.59550562	0	0.374531835	0.374531835	0	0.74906367	22.47191011	0	1.872659176	2.621722846	0	2.621722846	1.123595506	1.123595506	14.23220974	0	7.865168539	0.374531835	0	0.74906367	0	1.498127341	0.374531835	14.23220974
0	0	0.735294118	4.779411765	0.367647059	23.89705882	0	0	0	0.367647059	4.779411765	16.54411765	0	0.367647059	0.367647059	0	2.941176471	1.102941176	3.676470588	8.455882353	0	9.558823529	0.367647059	1.470588235	0.367647059	0.367647059	0.735294118	2.205882353	14.70588235
0	0	0	4.895104895	0.699300699	30.76923077	0	0.34965035	0.34965035	0	1.398601399	8.041958042	0	0.34965035	1.748251748	0	1.398601399	4.545454545	4.195804196	4.545454545	0	10.48951049	0.34965035	2.097902098	0	0	0	1.398601399	19.93006993
0	0	0	3.886925795	1.413427562	17.31448763	0	0	0.706713781	0.706713781	1.060070671	3.533568905	0	0.706713781	0.35335689	0	1.060070671	0.35335689	4.240282686	1.766784452	0	20.84805654	1.060070671	0	0	0.35335689	0.35335689	0	37.45583039
0	0	0.347222222	1.736111111	0.347222222	20.48611111	0	0	0.694444444	0	1.041666667	2.083333333	0	0.347222222	0.347222222	0	1.041666667	3.472222222	3.819444444	6.25	0	21.875	0.694444444	0.347222222	0	0	0	0	31.25
0	0	0	3.125	1.041666667	23.61111111	0	0.347222222	0	0	0.347222222	4.513888889	0	1.041666667	0.347222222	0	0.347222222	0.347222222	3.125	4.513888889	0	19.44444444	0	1.736111111	0	0	0.694444444	0.347222222	32.63888889
0	0	0	2.127659574	0	24.11347518	0	0.354609929	0.709219858	0.354609929	0.354609929	5.673758865	0	0.354609929	0.354609929	0	0.354609929	1.063829787	3.546099291	4.964539007	0	16.31205674	0	0.354609929	0	0.354609929	0.709219858	0	34.39716312
0	0	0.689655172	1.724137931	0.344827586	24.48275862	0	0	0	0	1.724137931	7.24137931	0	0	0	0	0.344827586	0.689655172	1.034482759	3.793103448	0	12.06896552	0	1.034482759	0	0.689655172	0	0	36.20689655
0	0	0	0.347222222	0	12.5	0	0	0	0	1.736111111	15.625	0	0	0.694444444	0	0.694444444	1.388888889	2.777777778	6.944444444	0	18.05555556	0	0.347222222	0	0.347222222	0	0.347222222	36.80555556
0	0	0	1.063829787	0.354609929	15.60283688	0	0	0	0	1.063829787	6.737588652	0	0	0	0	1.418439716	0.709219858	2.127659574	8.510638298	0	18.08510638	0.709219858	0.709219858	0	0.354609929	0	0	40.07092199
0	0	1.403508772	0.350877193	0.701754386	21.05263158	0	0	0	0.350877193	1.052631579	2.456140351	0	0.350877193	0.350877193	0	1.052631579	0	1.754385965	11.92982456	0	23.50877193	0	0.350877193	0.350877193	0	0	0	28.42105263
0	0	1.067615658	1.423487544	0.355871886	27.04626335	0	0.355871886	0	0	1.423487544	0.711743772	0	1.779359431	0.355871886	0	1.423487544	1.067615658	3.202846975	6.761565836	0	25.26690391	0	1.423487544	0	0.711743772	0	0	23.84341637
0.371747212	0	3.345724907	0	1.115241636	21.56133829	0	0	0.371747212	0	0.743494424	1.858736059	0	0.371747212	0	0	1.858736059	1.486988848	2.973977695	2.602230483	0	30.11152416	0	0.371747212	0	0.371747212	0	0	28.62453532
0	0	7.299270073	0	0.729927007	20.0729927	0	1.094890511	0	0	2.554744526	0.364963504	0	0.729927007	0.364963504	0	4.744525547	0.729927007	2.919708029	2.919708029	0	35.03649635	0.364963504	0	0	0	0	0	16.42335766
0	0	4.964539007	0	0.709219858	13.4751773	0	0	0.354609929	0	2.836879433	0	0	0	0	0	1.773049645	1.063829787	4.255319149	2.127659574	0	54.25531915	0.354609929	0	0	0	0	0.354609929	11.34751773
0.362318841	0.362318841	2.173913043	0	0.362318841	16.30434783	0	0	0	0	0.724637681	0	0	0	0	0	3.260869565	0	4.347826087	3.623188406	0	50.36231884	0	0	0.362318841	0	0	0.362318841	15.2173913
0	0	3.928571429	0	1.071428571	24.64285714	0	0.357142857	0.357142857	0	2.5	0	0	0	0.357142857	0	4.285714286	0	3.928571429	2.142857143	0	44.64285714	0.714285714	0	0	0	0	0.357142857	7.5
0.358422939	0	2.508960573	0	0	17.20430108	0	0	0	0	4.301075269	0.358422939	0	1.075268817	0	0	5.017921147	1.433691756	4.301075269	4.301075269	0	44.44444444	0	0	0	0.358422939	0.358422939	0.358422939	10.75268817
0	0	5.614035088	0	0.350877193	21.05263158	0	0.701754386	0	0	2.456140351	0.350877193	0	0	0	0	4.561403509	1.403508772	3.859649123	1.754385965	0	50.1754386	0	0	0	0.701754386	0	0	4.561403509
0	0	12.23021583	0	0	11.15107914	0	0	0	0	0.35971223	2.158273381	0	0	0	0	10.43165468	0.35971223	3.237410072	3.597122302	0	43.16546763	0	0	0	3.237410072	0	0.35971223	6.834532374
0	0	4.778156997	0.341296928	0.341296928	16.38225256	0	1.023890785	0	0	1.706484642	0.682593857	0	0	0	0	0.682593857	0.682593857	3.412969283	1.706484642	0	61.4334471	0	0.341296928	0	0.341296928	0	0	4.436860068
0	0	5.054151625	0.36101083	0	11.55234657	0	0	0	0	3.610108303	0.36101083	0	0	0.722021661	0	5.054151625	2.527075812	1.444043321	0.722021661	0	58.48375451	0	0	0	1.083032491	0	0.36101083	6.498194946
0	0	8.450704225	0	0.704225352	8.450704225	0	2.112676056	0	0	3.521126761	0.704225352	0	0	0	0	1.056338028	1.408450704	2.816901408	0.704225352	0	63.02816901	0	0	0	0	0	0.352112676	3.521126761
0	0	3.260869565	0	0	9.420289855	0	0.724637681	0	0	3.985507246	0	0	0.362318841	0	0	4.710144928	1.086956522	3.260869565	1.086956522	0	64.49275362	0	0	0	0.362318841	0	0	3.260869565
0.35971223	0	2.158273381	0	0.35971223	10.43165468	0	1.438848921	0	0	3.237410072	0.35971223	0	0.35971223	0	0	1.438848921	0.71942446	3.237410072	0.71942446	0	72.30215827	0.35971223	0	0.35971223	0	0	0	1.079136691
0	0	0.71942446	0	0	11.15107914	0	1.079136691	0	0	5.035971223	0	0	0	0.35971223	0	0	1.079136691	3.597122302	2.517985612	0	64.74820144	1.079136691	0	0	0	0	0	4.676258993
0	0	1.030927835	0	0.343642612	16.83848797	0	0.343642612	0	0	2.749140893	0	0	0	0	0	0	0	3.092783505	2.405498282	0	68.38487973	0	0	0.343642612	0	0	0	3.092783505
0.343642612	0.343642612	1.030927835	0.343642612	1.030927835	7.216494845	0	0.343642612	0	0.343642612	1.718213058	0.687285223	0	0.687285223	0	0	0.687285223	0.687285223	0.343642612	3.092783505	0	77.66323024	0	0	0	0.343642612	0.687285223	0	1.374570447
0.680272109	0	0.680272109	0	0	10.88435374	0	0.680272109	0	0	3.06122449	0.680272109	0	0.680272109	0	0	0.340136054	0	0.680272109	1.020408163	0	77.89115646	0	0.340136054	0	0	0	0	1.700680272
0.33557047	0	2.348993289	0.67114094	0	9.060402685	0	0.67114094	0	0	0.33557047	0.67114094	0	0	0	0	0.67114094	0.67114094	1.342281879	2.348993289	0	78.52348993	0.33557047	0.33557047	0	0	0.33557047	0	0.33557047
0	0	1.706484642	0	0	6.14334471	0	0	0	0	1.365187713	0	0	0	0.341296928	0	0.682593857	0.341296928	1.365187713	3.071672355	0	81.9112628	0.682593857	0	0.341296928	0	0	0	2.04778157
0	0	0.352112676	0.352112676	0	6.690140845	0	0	0.352112676	0	2.112676056	0	0.352112676	0	0	0	0.352112676	0.352112676	0.704225352	4.225352113	0	82.74647887	0	0	0.352112676	0.352112676	0	0	0
0.342465753	0	1.369863014	0	0	11.64383562	0	0.342465753	0	0	1.02739726	0.684931507	0	0.342465753	0	0	0.342465753	0	0.684931507	4.452054795	0	77.39726027	0	0	0	0	0	0	1.02739726
0	0	0.341296928	0.682593857	0	8.532423208	0	0.682593857	0	0	0	0.341296928	0.341296928	0	0	0	1.023890785	0.682593857	1.365187713	3.412969283	0	79.18088737	0	0	0	0	0	0	1.365187713
0.347222222	0	0.347222222	0	0	10.06944444	0	0	0.347222222	0	0	1.736111111	0.347222222	0.347222222	0.347222222	0	0.347222222	0	0.347222222	2.083333333	0	81.59722222	0	0	0	0	0.347222222	0	0.694444444
0.340136054	0	1.020408163	0.680272109	0	6.12244898	0	0	0	0	0.680272109	0.340136054	0	0.680272109	0	0	0.340136054	0	0.680272109	4.761904762	0	80.27210884	0	0.680272109	0	0	0	0	2.380952381
0	0	1.689189189	0	0	7.432432432	0	0	0	0	1.013513514	0.337837838	0.337837838	0.337837838	0	0	0	0.337837838	0.675675676	4.054054054	0	80.06756757	0.337837838	0	0	0	0	0.337837838	1.689189189
0.357142857	0	1.428571429	0	0	6.071428571	0	0.357142857	0.357142857	0	0	0.714285714	0	0.357142857	0	0	0.714285714	0.714285714	0.357142857	6.428571429	0	77.85714286	0	0.357142857	0	0.714285714	0	0	1.428571429
0	0	4.166666667	0	0	8.680555556	0	0.347222222	0.347222222	0	0.347222222	2.430555556	0	0	0	0	0.347222222	0.347222222	0.347222222	6.25	0	71.18055556	0	0	0	0.347222222	0.347222222	0	2.430555556
0.352112676	0	1.76056338	0	0	14.43661972	0	0	0	0	0	0.704225352	0	0.704225352	0	0	1.056338028	0.704225352	1.408450704	7.394366197	0	67.25352113	0.352112676	0	0	0.352112676	0	0	1.056338028
0	0	1.718213058	0	0	6.18556701	0	0.343642612	0	0	0	0.687285223	0	1.374570447	0	0	0.687285223	0.343642612	0.343642612	7.903780069	0	76.28865979	0.343642612	0	0	0	0.343642612	0	1.030927835
0	0	2.491103203	0	0	13.52313167	0	0.355871886	0.355871886	0	0	2.135231317	0	1.067615658	0	0	0.355871886	0.355871886	0	7.117437722	0	64.0569395	0	0	0	0	0	0	2.846975089
0	0	2.405498282	0	0	9.621993127	0	0	0	0	0	0.343642612	0	1.374570447	0	0	0.343642612	1.030927835	0.343642612	5.154639175	0	71.82130584	0.687285223	0.343642612	0	0	1.374570447	0	1.718213058
0.355871886	0	5.338078292	0	0.711743772	10.67615658	0	0	0	0	0.711743772	1.067615658	0	0.711743772	0	0	1.067615658	0	0.355871886	4.270462633	0	70.10676157	0.355871886	0	0	0	1.423487544	0	0
1.030927835	0	2.749140893	0	0	9.278350515	0	0.343642612	0	0	0	0.343642612	0	1.718213058	0	0	0.687285223	0.343642612	0.343642612	6.872852234	0	70.79037801	0	0	0	0	0.343642612	0	3.436426117
0.36101083	0	2.166064982	0	0	11.55234657	0	1.083032491	0	0	0.722021661	2.888086643	0	1.083032491	0	0	1.444043321	1.444043321	1.805054152	13.35740072	0	54.51263538	0	0.36101083	0	0	0	0.36101083	4.693140794
0	0	2.473498233	0.35335689	0	9.540636042	0	0.35335689	0	0	0	0.706713781	0	0.706713781	0	0	0.706713781	0	0.35335689	3.533568905	0	76.67844523	0.35335689	0	0	0	0.35335689	0	1.060070671
0	0	0.699300699	0.34965035	0	11.18881119	0	0.34965035	0	0	0.699300699	0.34965035	0	0.34965035	0	0	0.34965035	0	1.048951049	4.895104895	0	76.22377622	0	0	0.34965035	0	0	0	1.398601399
0.716845878	0	2.867383513	0	0	11.82795699	0	0.358422939	0	0	0.716845878	0.358422939	0	2.150537634	0	0	0	0	0.358422939	6.451612903	0	70.25089606	0.358422939	0	0	0	0.358422939	0	1.433691756
0	0	2.06185567	0.343642612	0.343642612	8.24742268	0	0.343642612	0	0	0	1.030927835	0.343642612	0.687285223	0	0	0.687285223	0	1.718213058	7.560137457	0	74.57044674	0	0	0	0	0	0	1.030927835
0.355871886	0	5.338078292	0	0	9.252669039	0	0.355871886	0	0	0.355871886	1.067615658	0	0.355871886	0	0	0.711743772	0	0	4.270462633	0	73.66548043	1.067615658	0	0	0	0	0	1.779359431
0	0	2.150537634	0	0	9.677419355	0	0	0	0	0	0.358422939	0	0.716845878	0	0	1.075268817	0.358422939	0.716845878	6.810035842	0	73.47670251	0	0.358422939	0	0	0.716845878	0	0.358422939
0	0	1.016949153	0	0	8.813559322	0	0.338983051	0	0.677966102	0	2.033898305	0	1.355932203	0	0	1.016949153	0.338983051	2.372881356	3.050847458	0	77.62711864	0.338983051	0	0	0	0	0	0
0	0.341296928	1.365187713	0	0	8.19112628	0	0.341296928	0	0	0	0.341296928	0	1.706484642	0	0	0.341296928	0	0.341296928	5.119453925	0	77.47440273	0	0	0	0	0	0	3.071672355
0.348432056	0	5.226480836	0	0.348432056	8.362369338	0	0	0	0	0	0.696864111	0	1.045296167	0	0	0	0	0	3.135888502	0	76.65505226	0	0	0	0	0	0	1.045296167
0.348432056	0	2.090592334	0.696864111	0	10.80139373	0	0	0.348432056	0	0	1.742160279	0	1.393728223	0	0	0.696864111	0.348432056	0	5.226480836	0	74.56445993	0.348432056	0	0	0	0.348432056	0	0.348432056
0	0	3.546099291	0.354609929	0.354609929	9.929078014	0	0.354609929	0	0	0.709219858	0.709219858	0	1.418439716	0	0	0.354609929	0.709219858	1.773049645	6.382978723	0	69.14893617	0.354609929	0.354609929	0	0	0.709219858	0	1.063829787
0	0	1.993355482	0	0	10.29900332	0	0.664451827	0	0	0.332225914	0.996677741	0	0.664451827	0	0	0.664451827	0	0.332225914	4.318936877	0	75.74750831	0	0.332225914	0	0	0.996677741	0	0.664451827
0	0	3.214285714	0.357142857	0	11.42857143	0	0	0	0	0	0.714285714	0	1.428571429	0	0	0.357142857	0	1.428571429	4.642857143	0	72.14285714	0	0	0	0.357142857	0.357142857	0	1.785714286
0	0	4.912280702	0	0	12.28070175	0	0.350877193	0	0.350877193	0.350877193	0	0	1.754385965	0	0	0.701754386	0	1.052631579	8.070175439	0	65.96491228	0.350877193	0	0	0	0.701754386	0	1.052631579
0.350877193	0	2.105263158	0	0.701754386	12.63157895	0	0	0	0	0.701754386	0.701754386	0	0.701754386	0	0	0.701754386	1.052631579	1.052631579	7.01754386	0	67.71929825	0.350877193	0	0	0	1.052631579	0	1.052631579
0	0	1.766784452	0	0	15.90106007	0	0.35335689	0	0	0.706713781	0.706713781	0	1.766784452	0	0	0.35335689	0	1.060070671	8.833922261	0	65.01766784	0.35335689	0	0.35335689	0	0.706713781	0	1.413427562
0	0	2.482269504	0.354609929	1.063829787	10.9929078	0	0	0	0	0.354609929	0.354609929	0	1.418439716	0	0	0.709219858	0	0.709219858	5.319148936	0	70.56737589	0	0.354609929	0	0.354609929	0.709219858	0	1.063829787
0.357142857	0	1.428571429	0	0	8.214285714	0	0	0.357142857	0	0.714285714	0.714285714	0	1.071428571	0	0	0	0	0	6.785714286	0	75.71428571	0	0	0	0	0.714285714	0	0.714285714
0	0	1.388888889	0	0	10.41666667	0	0.347222222	0	0	0.347222222	0.347222222	0	0.694444444	0	0	2.430555556	0	1.041666667	7.638888889	0	72.91666667	0.694444444	0	0.347222222	0	0	0	1.041666667
0	0.362318841	2.536231884	0	0	10.86956522	0	0.362318841	0	0.362318841	0.724637681	0.724637681	0	3.985507246	0	0	1.086956522	0.724637681	0.362318841	9.782608696	0	65.57971014	0	0	0	0	0	0	1.086956522
0	0	3.202846975	0	0	9.608540925	0	0	0	0	0.711743772	1.423487544	0	3.202846975	0	0	0.355871886	0	0	9.252669039	0	66.19217082	0.355871886	0	0	0.355871886	0.711743772	0	1.423487544
0	0	1.075268817	0	0	9.677419355	0.358422939	0	0	0	0.358422939	1.433691756	0.358422939	1.792114695	0	0	0.716845878	0	1.075268817	8.243727599	0	68.8172043	0.358422939	0	0.358422939	0	0.358422939	0	2.508960573
0.363636364	0	2.545454545	0	0.363636364	12.36363636	0	0	0	0	0	1.454545455	0	3.636363636	0	0	1.090909091	0.727272727	0.363636364	14.54545455	0	56.36363636	0.363636364	0	0	0	0	0	2.909090909
0	0	1.454545455	0	0.363636364	10.54545455	0	0.727272727	0	0	0	0.727272727	0	2.909090909	0	0	0.727272727	0	1.454545455	7.636363636	0	65.81818182	0	0	0	0	0.727272727	0	2.181818182
0.358422939	0	1.433691756	0	0	10.39426523	0	0	0	0	0.358422939	1.075268817	0	1.433691756	0	0	0.716845878	0	0.358422939	10.03584229	0	67.02508961	0.716845878	0.358422939	0	0	0.358422939	0	2.150537634
0	0	1.748251748	0	0	13.98601399	0	0	0	0	0.699300699	0	0	0.699300699	0	0	0.699300699	0	0.699300699	7.692307692	0	66.78321678	0.34965035	0.34965035	0.34965035	0	0.34965035	0	1.048951049
0.350877193	0.350877193	1.754385965	0	0	7.719298246	0	0	0	0	0.350877193	1.754385965	0.350877193	2.456140351	0	0	1.052631579	0.701754386	0	4.912280702	0	72.98245614	0	0	0	0	1.403508772	0	2.456140351
0	0	0.709219858	0	0	10.9929078	0	0	0	0.354609929	0.709219858	0	0	3.546099291	0	0	2.127659574	0	1.063829787	7.80141844	0	66.66666667	0.709219858	0	0	0	0	0	2.127659574
0	0	2.120141343	0	0	9.540636042	0	0.35335689	0	0.35335689	0.706713781	1.060070671	0	1.060070671	0	0	0.35335689	0	0.35335689	7.4204947	0	72.43816254	0	0	0	0	0.706713781	0	1.413427562
0	0	2.592592593	0	0	9.62962963	0	0.37037037	0	0.740740741	0.37037037	0.740740741	0	1.481481481	0	0	1.111111111	0	0	9.259259259	0	67.40740741	0.37037037	0	0	0	0.37037037	0	1.481481481